Capacity nurse: 1000
Depot return time: 1000
Nurse  1     0.0     0   
Nurse  2     0.0     0   
Nurse  3     0.0     0   
Nurse  4     0.0     0   
Nurse  5     0.0     0   
Nurse  6     0.0     0   
Nurse  7   140.8   217   D(0) ->   28 ( 5.0, 16.0) [  6,  536] ->   27 (22.7, 54.0) [ 44,  325] ->   69 (61.3, 175.0) [165,  300] ->   50 (185.0, 282.0) [272,  927] ->   76 (287.4, 297.4) [281,  392] ->   12 (304.5, 314.5) [ 15,  735] ->    3 (325.6, 335.6) [289,  832] ->   79 (339.2, 387.0) [377,  486] ->   78 (392.7, 402.7) [324,  569] ->   34 (407.7, 417.7) [265,  888] ->    9 (428.8, 438.8) [394,  513] ->   35 (448.3, 636.0) [626,  883] ->   66 (652.1, 662.1) [532,  763] ->   20 (671.1, 681.1) [418,  839] ->   32 (691.8, 701.8) [482,  965] ->  D(719.3) ->  
Nurse  8     0.0     0   
Nurse  9     0.0     0   
Nurse 10    91.9   108   D(0) ->   71 (21.1, 108.0) [ 98,  547] ->   65 (118.3, 128.3) [ 49,  318] ->   81 (152.3, 278.0) [268,  609] ->   33 (280.8, 290.8) [ 24,  309] ->   51 (298.0, 308.0) [176,  635] ->   30 (317.3, 327.3) [199,  424] ->   70 (332.3, 678.0) [668,  978] ->  D(690.2) ->  
Nurse 11    53.8    58   D(0) ->   53 (11.3, 413.0) [403,  510] ->   26 (421.1, 431.1) [328,  937] ->   40 (438.1, 448.1) [300,  507] ->   58 (452.3, 864.0) [854,  990] ->  D(887.2) ->  
Nurse 12     0.0     0   
Nurse 13   151.6   201   D(0) ->    7 (11.2, 82.0) [ 72,  679] ->   82 (87.8, 97.8) [ 23,  771] ->   45 (110.6, 120.6) [ 29,  319] ->   61 (135.8, 145.8) [126,  551] ->   42 (162.8, 172.8) [ 25,  302] ->   15 (182.0, 192.0) [176,  309] ->   57 (199.3, 256.0) [246,  715] ->   87 (263.2, 407.0) [397,  480] ->    2 (414.1, 424.1) [ 18,  802] ->   21 (434.5, 444.5) [ 18,  737] ->   73 (447.7, 457.7) [143,  574] ->   74 (462.1, 691.0) [681,  812] ->   72 (694.2, 704.2) [ 22,  925] ->    4 (713.1, 723.1) [679,  810] ->   55 (731.7, 741.7) [620,  749] ->   25 (745.3, 836.0) [826,  966] ->   54 (848.0, 858.0) [475,  910] ->  D(862.5) ->  
Nurse 14     0.0     0   
Nurse 15   136.7   246   D(0) ->   19 (15.8, 105.0) [ 95,  562] ->   48 (113.2, 210.0) [200,  972] ->   47 (216.4, 226.4) [ 34,  612] ->   36 (233.6, 243.6) [ 41,  338] ->   49 (252.6, 451.0) [441,  610] ->   46 (471.4, 481.4) [338,  815] ->    8 (490.8, 500.8) [393,  502] ->   18 (511.3, 521.3) [229,  592] ->   52 (528.9, 538.9) [ 11,  758] ->   89 (546.9, 556.9) [409,  991] ->    6 (562.0, 572.0) [355,  584] ->   94 (575.2, 585.2) [190,  759] ->   13 (589.7, 704.0) [694,  833] ->   97 (710.4, 720.4) [462,  833] ->   95 (723.4, 733.4) [ 14,  803] ->  D(745.4) ->  
Nurse 16    67.2    69   D(0) ->   96 (14.9, 354.0) [344,  963] ->   99 (356.2, 366.2) [328,  447] ->    5 (372.6, 382.6) [ 20,  916] ->   84 (386.8, 435.0) [425,  532] ->   17 (441.1, 683.0) [673,  940] ->   83 (694.4, 704.4) [ 21,  852] ->   60 (708.6, 718.6) [449,  981] ->  D(736.4) ->  
Nurse 17    79.5   132   D(0) ->   23 (26.9, 216.0) [206,  335] ->   67 (228.0, 301.0) [291,  414] ->   39 (310.9, 320.9) [ 33,  354] ->   56 (327.9, 535.0) [525,  762] ->   75 (539.1, 549.1) [ 27,  721] ->   22 (553.2, 563.2) [349,  564] ->   41 (567.5, 577.5) [336,  581] ->  D(588.7) ->  
Nurse 18    82.8   115   D(0) ->    1 ( 0.0, 200.0) [190,  984] ->   31 (210.4, 220.4) [ 17,  754] ->   88 (225.4, 235.4) [219,  458] ->   62 (241.8, 251.8) [168,  307] ->   11 (259.8, 269.8) [206,  335] ->   64 (282.8, 292.8) [154,  403] ->   63 (307.2, 317.2) [ 34,  598] ->   10 (326.7, 527.0) [517,  702] ->   90 (534.1, 544.1) [225,  664] ->  D(553.1) ->  
Nurse 19     0.0     0   
Nurse 20     0.0     0   
Nurse 21     0.0     0   
Nurse 22    45.3    68   D(0) ->   29 ( 6.3, 39.0) [ 29,  523] ->   24 (46.1, 445.0) [435,  970] ->   80 (454.2, 729.0) [719,  978] ->   68 (731.0, 741.0) [577,  822] ->   77 (746.0, 831.0) [821,  958] ->  D(846.7) ->  
Nurse 23     0.0     0   
Nurse 24     0.0     0   
Nurse 25   119.3   244   D(0) ->   59 ( 9.1, 27.0) [ 17,  982] ->   92 (29.2, 39.2) [ 18,  169] ->   98 (42.4, 52.4) [ 21,  758] ->   91 (56.9, 232.0) [222,  974] ->   44 (238.4, 248.4) [230,  353] ->   14 (254.1, 264.1) [ 32,  704] ->   38 (275.2, 308.0) [298,  419] ->   86 (321.0, 331.0) [230,  633] ->   16 (337.4, 347.4) [102,  553] ->   85 (353.7, 363.7) [110,  737] ->   93 (366.5, 701.0) [691,  979] ->   37 (705.5, 715.5) [339,  970] ->  100 (718.3, 831.0) [821,  975] ->   43 (846.8, 856.8) [458,  877] ->  D(882.3) ->  
Objective value (total duration): 968.7557524986734