Capacity nurse: 200
Depot return time: 240
Nurse  1    81.9    83   D(0) ->   75 (36.1, 67.0) [ 57,  182] ->   59 (82.8, 92.8) [ 42,  172] ->   87 (97.3, 110.0) [100,  120] ->   97 (120.0, 130.0) [112,  167] ->  D(145.5) ->  
Nurse  2    91.4    80   D(0) ->   47 (37.2, 48.0) [ 38,  119] ->   16 (53.4, 69.0) [ 59,  124] ->   15 (71.0, 81.0) [ 68,   88] ->    9 (90.4, 111.0) [101,  121] ->   13 (116.0, 162.0) [152,  172] ->  D(194.4) ->  
Nurse  3   110.8   117   D(0) ->   23 (35.0, 85.0) [ 75,   95] ->   19 (91.4, 101.4) [ 58,  125] ->   18 (106.8, 116.8) [ 79,  134] ->   48 (118.8, 128.8) [ 64,  194] ->   21 (130.8, 140.8) [ 45,  175] ->   77 (157.9, 173.0) [163,  183] ->  D(215.9) ->  
Nurse  4   119.6   167   D(0) ->   92 (12.0, 25.0) [ 15,   35] ->   31 (60.9, 70.9) [ 50,  180] ->   29 (72.9, 82.9) [ 52,  122] ->   27 (87.9, 97.9) [ 60,  103] ->   26 (102.9, 112.9) [ 58,  181] ->   28 (115.9, 125.9) [ 55,  130] ->   34 (134.5, 144.5) [ 62,  192] ->   50 (157.5, 167.5) [ 71,  201] ->   93 (187.8, 197.8) [173,  218] ->  D(212.5) ->  
Nurse  5    87.5    70   D(0) ->   45 (35.3, 47.0) [ 37,   82] ->    5 (50.0, 60.0) [ 40,  170] ->    8 (67.1, 111.0) [101,  121] ->   46 (114.0, 124.0) [ 98,  167] ->    7 (129.8, 139.8) [ 35,  165] ->  D(173.1) ->  
Nurse  6   105.2    61   D(0) ->   95 (17.1, 30.0) [ 20,  150] ->   33 (61.4, 71.4) [ 51,   95] ->   30 (77.2, 87.2) [ 75,  112] ->   32 (88.2, 126.0) [116,  185] ->   89 (158.0, 168.0) [105,  187] ->  D(185.9) ->  
Nurse  7     0.0     0   
Nurse  8     0.0     0   
Nurse  9    88.3   113   D(0) ->   57 (18.0, 92.0) [ 82,  149] ->   22 (106.1, 116.1) [ 94,  129] ->   49 (119.7, 129.7) [109,  138] ->   20 (132.7, 142.7) [111,  172] ->   24 (146.7, 156.7) [128,  204] ->   25 (167.2, 181.0) [171,  191] ->  D(216.1) ->  
Nurse 10    81.8    86   D(0) ->   42 (30.8, 43.0) [ 33,   76] ->   44 (45.0, 84.0) [ 74,   94] ->   38 (91.3, 101.3) [ 85,  105] ->   41 (107.7, 117.7) [ 92,  131] ->   54 (133.0, 143.0) [127,  190] ->  D(163.0) ->  
Nurse 11    44.8    31   D(0) ->   82 (12.0, 24.0) [ 14,  144] ->   90 (34.8, 84.0) [ 74,  137] ->   66 (94.8, 144.0) [134,  171] ->  D(155.2) ->  
Nurse 12     0.0     0   
Nurse 13     0.0     0   
Nurse 14    79.4    77   D(0) ->   85 (27.0, 52.0) [ 42,  172] ->   63 (55.6, 65.6) [ 39,  118] ->   76 (75.0, 95.0) [ 85,  105] ->   51 (104.4, 114.4) [ 69,  136] ->   56 (130.2, 140.2) [130,  169] ->  D(154.4) ->  
Nurse 15    91.4   113   D(0) ->   11 (31.6, 79.0) [ 69,   89] ->   12 (84.0, 94.0) [ 32,  162] ->   14 (97.0, 107.0) [ 35,  127] ->   78 (118.4, 128.4) [ 90,  129] ->   55 (150.8, 160.8) [150,  170] ->  D(178.8) ->  
Nurse 16    42.3    63   D(0) ->   81 ( 7.6, 90.0) [ 80,  131] ->   61 (98.1, 108.1) [ 55,  116] ->   68 (115.1, 154.0) [144,  183] ->   70 (164.3, 182.0) [172,  220] ->  D(191.2) ->  
Nurse 17     0.0     0   
Nurse 18    45.0    21   D(0) ->   62 (15.8, 72.0) [ 62,   82] ->   84 (82.0, 116.0) [106,  126] ->  D(135.2) ->  
Nurse 19   107.8   138   D(0) ->   72 (25.5, 37.0) [ 27,  157] ->   39 (52.3, 62.3) [ 36,   84] ->   36 (69.4, 79.4) [ 43,   88] ->   40 (84.4, 97.0) [ 87,  122] ->   37 (102.8, 112.8) [ 69,  199] ->   35 (116.4, 148.0) [138,  179] ->   43 (160.0, 170.0) [117,  178] ->  D(203.5) ->  
Nurse 20    62.1    98   D(0) ->   67 (13.0, 90.0) [ 80,  100] ->   71 (103.0, 113.0) [ 52,  117] ->   96 (123.1, 133.1) [ 87,  217] ->   94 (139.4, 149.4) [ 50,  180] ->   80 (159.5, 200.0) [190,  232] ->   91 (205.4, 215.4) [ 97,  227] ->  D(219.6) ->  
Nurse 21    68.1   155   D(0) ->   73 (27.5, 75.0) [ 65,  128] ->   79 (83.9, 109.0) [ 99,  119] ->    6 (122.9, 132.9) [ 96,  133] ->    2 (136.9, 146.9) [ 30,  160] ->    4 (152.3, 162.3) [151,  171] ->    3 (167.7, 177.7) [ 64,  194] ->    1 (180.7, 190.7) [ 71,  201] ->  D(190.7) ->  
Nurse 22   109.1   121   D(0) ->   65 (20.6, 30.6) [ 11,   53] ->   64 (44.8, 63.0) [ 53,   92] ->   83 (71.1, 81.1) [ 19,  149] ->   99 (92.8, 102.8) [ 87,  107] ->   52 (107.9, 117.9) [ 25,  155] ->   86 (125.1, 135.1) [ 77,  136] ->   74 (139.2, 161.0) [151,  171] ->   58 (172.2, 182.2) [172,  192] ->  D(209.1) ->  
Nurse 23   114.8   130   D(0) ->   69 (10.0, 61.0) [ 51,   71] ->   98 (66.0, 76.0) [ 14,  144] ->   88 (82.3, 92.3) [ 67,  106] ->   53 (101.3, 111.3) [101,  121] ->   10 (125.4, 135.4) [123,  154] ->   17 (146.6, 157.0) [147,  190] ->   60 (178.2, 188.2) [137,  212] ->  100 (205.7, 215.7) [200,  220] ->  D(236.2) ->  
Nurse 24     0.0     0   
Nurse 25     0.0     0   
Objective value (total duration): 1531.3398766478897