Capacity nurse: 200
Depot return time: 1236
Nurse  1    65.9   110   D(0) ->   42 (18.7, 158.0) [ 68,  239] ->   41 (160.0, 256.0) [166,  325] ->   40 (258.0, 354.0) [264,  411] ->   45 (359.0, 631.0) [541,  690] ->   51 (636.0, 726.0) [  0, 1211] ->   50 (728.2, 818.2) [  0, 1213] ->   52 (821.4, 911.4) [  0, 1214] ->   20 (927.2, 1017.2) [  0, 1226] ->   21 (1019.2, 1109.2) [  0, 1225] ->  D(1119.2) ->  
Nurse  2     0.0     0   
Nurse  3     0.0     0   
Nurse  4     0.0     0   
Nurse  5    89.3   200   D(0) ->   33 (31.6, 177.0) [ 87,  248] ->   35 (182.8, 373.0) [283,  434] ->   37 (378.8, 468.8) [  0, 1196] ->   38 (470.8, 569.0) [479,  612] ->   39 (574.0, 664.0) [567,  714] ->   36 (669.0, 759.0) [665,  806] ->   34 (762.0, 852.0) [  0, 1203] ->   32 (857.4, 947.4) [  0, 1204] ->   31 (952.4, 1042.4) [  0, 1202] ->  D(1063.0) ->  
Nurse  6     0.0     0   
Nurse  7     0.0     0   
Nurse  8    88.8   100   D(0) ->   48 (18.0, 108.0) [  0, 1212] ->   55 (128.5, 218.5) [ 95,  248] ->   56 (228.7, 475.0) [385,  526] ->   58 (477.0, 567.0) [471,  624] ->   60 (570.0, 660.0) [  0, 1190] ->  D(695.1) ->  
Nurse  9    71.7   130   D(0) ->    1 ( 0.0, 90.0) [  0, 1217] ->    2 (92.0, 182.0) [  0, 1215] ->   96 (200.0, 290.0) [  0, 1199] ->   94 (295.4, 385.4) [  0, 1195] ->   95 (389.0, 479.0) [  0, 1198] ->   98 (485.4, 575.4) [  0, 1205] ->   75 (591.8, 681.8) [  0, 1220] ->  D(701.7) ->  
Nurse 10     0.0     0   
Nurse 11     0.0     0   
Nurse 12     0.0     0   
Nurse 13   116.7   150   D(0) ->   73 (23.9, 113.9) [  0, 1180] ->   78 (120.3, 210.3) [109,  260] ->   76 (212.3, 302.3) [203,  350] ->   71 (307.3, 397.3) [  0, 1178] ->   70 (402.3, 492.3) [387,  546] ->   81 (503.4, 593.4) [  0, 1188] ->   77 (599.3, 689.3) [574,  733] ->   79 (690.3, 780.3) [668,  821] ->   80 (785.7, 875.7) [769,  910] ->  D(926.7) ->  
Nurse 14     0.0     0   
Nurse 15    43.1    70   D(0) ->    8 (16.0, 345.0) [255,  414] ->   10 (348.6, 447.0) [357,  500] ->   11 (450.0, 540.0) [448,  595] ->    9 (543.2, 633.2) [534,  695] ->    6 (635.4, 725.4) [621,  792] ->  D(740.5) ->  
Nurse 16    51.7   170   D(0) ->   67 (16.6, 106.6) [ 12,  167] ->   65 (107.6, 197.6) [ 76,  219] ->   63 (199.6, 289.6) [  0, 1221] ->   62 (294.6, 384.6) [262,  407] ->   74 (387.6, 477.6) [353,  502] ->   72 (482.6, 572.6) [  0, 1212] ->   61 (575.6, 665.6) [  0, 1213] ->   64 (667.6, 757.6) [632,  783] ->  D(771.7) ->  
Nurse 17    46.8   140   D(0) ->   24 (13.0, 103.0) [  0, 1221] ->   25 (105.0, 259.0) [169,  314] ->   27 (261.0, 351.0) [261,  406] ->   29 (354.6, 444.6) [  0, 1216] ->   30 (449.6, 539.6) [449,  594] ->   28 (542.6, 632.6) [  0, 1218] ->   26 (634.6, 724.6) [  0, 1220] ->   23 (727.6, 822.0) [732,  867] ->   22 (825.0, 915.0) [812,  973] ->  D(925.2) ->  
Nurse 18    84.7   190   D(0) ->   13 (38.1, 128.1) [ 30,  182] ->   17 (132.1, 222.1) [ 99,  238] ->   18 (225.1, 315.1) [  0, 1200] ->   19 (320.1, 410.1) [  0, 1196] ->   15 (415.1, 505.1) [384,  519] ->   16 (510.1, 600.1) [  0, 1195] ->   14 (602.1, 692.1) [  0, 1196] ->   12 (695.1, 785.1) [  0, 1197] ->  D(804.7) ->  
Nurse 19    48.7    70   D(0) ->   44 (16.6, 449.0) [359,  502] ->   46 (451.8, 541.8) [  0, 1215] ->   47 (544.8, 634.8) [  0, 1217] ->   49 (636.8, 1091.0) [1001, 1156] ->   43 (1096.0, 1186.0) [  0, 1219] ->  D(1205.3) ->  
Nurse 20    40.1    50   D(0) ->    5 (18.1, 108.1) [  0, 1220] ->    3 (109.1, 199.1) [  0, 1219] ->    7 (201.1, 291.1) [  0, 1220] ->    4 (293.9, 817.0) [727,  872] ->  D(833.1) ->  
Nurse 21    70.2   120   D(0) ->   92 (22.4, 458.0) [368,  531] ->   93 (460.0, 565.0) [475,  608] ->   97 (570.0, 660.0) [  0, 1195] ->  100 (665.0, 755.0) [647,  816] ->   99 (760.0, 850.0) [743,  910] ->  D(880.8) ->  
Nurse 22    78.5   140   D(0) ->   53 (21.2, 376.0) [286,  437] ->   54 (381.4, 471.4) [  0, 1195] ->   57 (476.8, 566.8) [  0, 1201] ->   59 (568.8, 658.8) [  0, 1200] ->   68 (675.3, 824.0) [734,  867] ->   66 (829.4, 919.4) [826,  965] ->   69 (921.4, 1011.4) [916, 1059] ->  D(1032.0) ->  
Nurse 23    78.1   170   D(0) ->   90 (24.4, 114.4) [  0, 1215] ->   87 (119.4, 209.4) [ 85,  234] ->   86 (210.4, 300.4) [  0, 1209] ->   83 (306.4, 396.4) [  0, 1203] ->   82 (399.4, 489.4) [  0, 1200] ->   84 (495.2, 585.2) [458,  613] ->   85 (588.0, 678.0) [  0, 1206] ->   88 (681.0, 771.0) [645,  798] ->   89 (773.8, 863.8) [  0, 1211] ->   91 (867.4, 957.4) [  0, 1213] ->  D(978.1) ->  
Nurse 24     0.0     0   
Nurse 25     0.0     0   
Objective value (total duration): 974.2652747159439